100 10 81 10 100
20 11 50 26 5 3 6 32 40 22 4 20 50 27 49 44 1 37 35 27 14 33 6 22 23 48 44 14 26 9 46 44 15 32 31 8 39 27 39 27 1 17 1 47 44 42 16 3 44 48 5 25 4 39 39 7 24 28 14 44 22 11 27 37 11 16 50 33 22 26 7 12 17 30 12 12 4 32 12 46 43 4 12 34 11 7 47 29 24 40 41 10 5 22 22 24 37 34 50 5
1013 3
0 170
1 22
2 224
696 2
0 7
1 50
1114 3
1 202
4 175
5 2
464 2
1 24
8 25
522 5
3 216
5 155
6 139
7 208
8 145
321 4
0 26
2 70
8 159
9 92
1288 2
2 163
9 153
226 1
7 86
316 5
4 236
5 79
6 9
7 53
8 67
365 5
2 225
3 62
5 141
6 147
9 66
0 1 1891
0 2 1741
0 3 1954
0 4 1650
0 6 664
0 8 3296
0 9 1417
1 0 884
1 1 449
1 3 409
1 5 51
1 6 988
1 7 780
1 8 511
1 9 116
2 3 986
2 4 906
2 5 853
2 7 861
2 9 725
3 2 103
3 3 899
3 4 214
3 8 247
4 6 512
4 8 859
4 9 1263
5 1 554
5 5 676
5 7 314
5 9 537
6 3 577
7 0 214
7 1 116
7 2 785
7 7 204
8 0 186
8 2 396
8 4 862
8 5 1654
8 6 300
10 1 128
10 2 709
10 3 849
10 9 280
11 7 301
13 0 459
13 2 934
13 8 249
15 0 737
16 3 70
16 5 620
16 6 939
16 8 93
16 9 996
17 2 605
19 5 748
21 8 880
23 6 262
24 4 279
26 0 194
26 4 10
27 4 340
30 8 882
30 9 927
31 0 585
32 2 717
34 3 752
43 6 331
44 8 267
46 1 435
54 4 621
54 7 671
62 6 8
65 0 926
65 7 109
74 7 885
81 2 120
82 5 720
89 1 297
99 0 772
